-4.992369409733668704e+02
-4.992402739852687432e+02
-4.992432323700548977e+02
-4.992457597208540960e+02
-4.992477054616387591e+02
-4.992491478151175670e+02
-4.992502270521885066e+02
-4.992506925138541760e+02
-4.992505403818407217e+02
-4.992500554838396738e+02
-4.992491058001527904e+02
-4.992475747661858350e+02
-4.992456661763477541e+02
-4.992433429795862025e+02
-4.992405419639180764e+02
-4.992370042953959910e+02
-4.992330575346708770e+02
-4.992287394645283030e+02
-4.992237620193110388e+02
-4.992182420438367103e+02
-4.992124608578845937e+02
-4.992059844483525239e+02
-4.991991031778047727e+02
-4.991917352823170404e+02
-4.991836621687882598e+02
-4.991751292002144282e+02
-4.991658262569896465e+02
-4.991561589262300345e+02
-4.991459312946543037e+02
-4.991352060444625636e+02
-4.991239920388359792e+02
-4.991119029006566166e+02
-4.990993281648401307e+02
-4.990862737341836350e+02
-4.990725179378578105e+02
-4.990581652914819415e+02
-4.990432326450493861e+02
-4.990274992046601596e+02
-4.990111764367218257e+02
-4.989943635114352105e+02
-4.989767727999665112e+02
-4.989584246068367293e+02
-4.989391552360315814e+02
-4.989192976110239783e+02
-4.988990125412053089e+02
-4.988778926001285754e+02
-4.988558590267376189e+02
-4.988330830476322149e+02
-4.988097057789963173e+02
-4.987855167161695817e+02
-4.987601561477933956e+02
-4.987338815936154788e+02
-4.987072054190883819e+02
-4.986795623002445836e+02
-4.986509369632074709e+02
-4.986215882995264224e+02
-4.985912403894663498e+02
-4.985600139850749315e+02
-4.985277850021873860e+02
-4.984943462631821944e+02
-4.984602063817492308e+02
-4.984254748393004206e+02
-4.983894628660747230e+02
-4.983522191851491243e+02
-4.983140519553704166e+02
-4.982747323482518595e+02
-4.982342774987045004e+02
-4.981927080484256862e+02
-4.981498143613537763e+02
-4.981058719363186924e+02
-4.980611969035477387e+02
-4.980152239130420071e+02
-4.979678595168306288e+02
-4.979196816294572727e+02
-4.978704255504522393e+02
-4.978194644131132236e+02
-4.977669163888263597e+02
-4.977136958735624148e+02
-4.976593881409357323e+02
-4.976030173814303907e+02
-4.975453769042132421e+02
-4.974865940506005586e+02
-4.974266856338271623e+02
-4.973652667638781395e+02
-4.973018539305659829e+02
-4.972377138353473924e+02
-4.971721735107747122e+02
-4.971043785145120069e+02
-4.970352807360345082e+02
-4.969648703756136001e+02
-4.968933696586038309e+02
-4.968202614367990009e+02
-4.967450376515981816e+02
-4.966685062523414445e+02
-4.965900244965469028e+02
-4.965099956448892726e+02
-4.964288972118498009e+02
-4.963457825529417278e+02
-4.962610828191395740e+02
-4.961749233312374940e+02
