-3.622937923414092438e+02
-3.625292308009165936e+02
-3.655969934267382655e+02
-3.643187818689231676e+02
-3.547449607465377426e+02
-4.998287180632527793e+02
-4.983455998042660440e+02
-4.917147479923181095e+02
-4.239003962497237694e+02
-4.281545845891798194e+02
-4.670545347843448099e+02
-4.664528772512223327e+02
-4.646861006240392840e+02
-4.642849737292450527e+02
-4.666751932619629315e+02
-4.253055643224615778e+02
-4.242386358402508222e+02
-4.663410451481886412e+02
-4.657045520611002303e+02
-4.655986955915618069e+02
-4.243371235661510923e+02
-4.247186010243750616e+02
-4.659940167924237926e+02
-4.661060587510197593e+02
-4.665727493011561364e+02
-4.652686581851899632e+02
-4.640140580511201733e+02
-4.237557988932165927e+02
-4.264542096511173668e+02
-4.659583504212493494e+02
-4.662749830606298929e+02
-4.670302467266872668e+02
-4.666323008443459344e+02
-4.269187994482756494e+02
-4.289938915911690174e+02
-4.667696010181764450e+02
-4.680137626419548837e+02
-4.676607388991725998e+02
-4.660634869369443436e+02
-4.658159942193895517e+02
-4.658096214624499112e+02
-4.662645748864691768e+02
-4.655691223344963419e+02
-4.653667558908297792e+02
-4.665520555913493013e+02
-4.663321691236569677e+02
-4.655772838188542551e+02
-4.654603078549912993e+02
-4.289500165787023320e+02
-4.291286136168406529e+02
-4.662465178379280815e+02
-4.657468734736880265e+02
-4.654468932122706519e+02
-4.654296779856958892e+02
-4.652933750480787012e+02
-4.653183328180557510e+02
-4.303708491348577354e+02
-4.313550017911832128e+02
-4.657496284004840845e+02
-4.619004906255379410e+02
-4.617406178553470113e+02
-4.654267626627768664e+02
-4.652496430225518225e+02
-4.652131989738881543e+02
-4.659248663167750806e+02
-4.659547819567339957e+02
-4.652806461103533024e+02
-4.651516498296994655e+02
-4.650737446034725622e+02
-4.653020877497231709e+02
-4.653327234015936256e+02
-4.653970101716564045e+02
-4.653084855554276373e+02
-4.643762795038425679e+02
-4.644442285969682871e+02
-4.647686339988807731e+02
-4.656670997151847473e+02
-4.661262490398161731e+02
-4.653199056553355035e+02
-4.648729673802809543e+02
-4.348013935000332708e+02
-4.363022513846984225e+02
-4.651380251031083617e+02
-4.359540840803625770e+02
-4.361687309076613133e+02
-4.648881048389740158e+02
-4.648917585733717033e+02
-4.650483607555368053e+02
-4.625988465725880019e+02
-4.625340243539509970e+02
-4.648904721886975153e+02
-4.646710061943068695e+02
-4.650408243094773297e+02
-4.652637809331213816e+02
-4.649960372381009961e+02
-4.383198572611638610e+02
-4.393921610343511475e+02
-4.650479571024576444e+02
-4.645675878583309668e+02
-4.652216174217356865e+02
