-3.627515748128951714e+02
-4.998725035239115186e+02
-4.998976890865693008e+02
-3.624297068300899127e+02
-3.623456295610634470e+02
-3.622384781148318780e+02
-4.994945863867144453e+02
-4.994959985246205747e+02
-3.619080985100174530e+02
-3.618133629385900463e+02
-3.617128060579004796e+02
-3.615950036551500943e+02
-3.614684946276163373e+02
-3.613380771035040198e+02
-3.612433868598462254e+02
-3.611367135663423937e+02
-4.998988246716457411e+02
-4.998990388607882664e+02
-3.607645404062237731e+02
-3.606641883138004232e+02
-3.605472392167224029e+02
-4.999872450710568046e+02
-4.999875644149482241e+02
-4.998496559481477561e+02
-4.998502613624585820e+02
-3.599208311308889847e+02
-3.598227682941997045e+02
-3.596900180305455592e+02
-3.595424187566084129e+02
-4.998212683146796849e+02
-4.998409094412251079e+02
-3.591724529206949796e+02
-3.590417870739957493e+02
-3.588975343856154154e+02
-4.998243691412164367e+02
-4.998252198294081268e+02
-3.585052186066403124e+02
-3.583669981341976722e+02
-3.582283704717718251e+02
-3.580877321223370018e+02
-3.579497582268707561e+02
-3.578132690488312733e+02
-3.576935282269726599e+02
-3.575569958709753564e+02
-3.574084320726553869e+02
-3.572611251801088201e+02
-4.478511380332468548e+02
-4.479361100589394482e+02
-4.478371907262823584e+02
-3.542813141885663981e+02
-3.537890499970125688e+02
-4.479842073703646292e+02
-4.480387957827539935e+02
-4.481618763762296567e+02
-4.481182570053941276e+02
-4.482157936677552357e+02
-4.776881244277527117e+02
-4.999497344237798870e+02
-4.999724406002541741e+02
-4.999981785182713452e+02
-4.938490884606567306e+02
-4.943537011572282154e+02
-4.944543821644886066e+02
-4.999802832903556578e+02
-4.999665604911410810e+02
-3.540013478193195056e+02
-3.539091323755493477e+02
-3.538812140900150780e+02
-4.936813330442953429e+02
-4.999887577326326777e+02
-4.999883805790855718e+02
-4.998019249867306257e+02
-4.998036054249630524e+02
-4.933652232299906473e+02
-3.533774221031462730e+02
-4.998181849205219578e+02
-4.997359409101842402e+02
-4.996943485403533600e+02
-4.997927627979295835e+02
-4.501521445411864306e+02
-4.999905919930483265e+02
-4.995407968322283523e+02
-4.504548644940160784e+02
-4.999829929345177675e+02
-4.280615690655212688e+02
-4.224460861516462273e+02
-4.996344065982710845e+02
-4.996666535391993307e+02
-4.998598071521413999e+02
-4.923975612494083407e+02
-4.924134474011011662e+02
-4.998270165943022221e+02
-4.996850935161381244e+02
-4.999932219395470838e+02
-3.237622173621244883e+02
-4.997941318688083925e+02
-4.520504675969594928e+02
-3.481573360347180142e+02
-4.998448589944720197e+02
-4.999470250011132748e+02
