-4.637632298776227913e+02
-4.624908149067525756e+02
-4.603463863514713807e+02
-4.679307187639809626e+02
-4.729457950610010357e+02
-4.680000887628649480e+02
-4.547420038574715591e+02
-4.111002212042150177e+02
-3.566672608909049700e+02
-3.604215439924737439e+02
-3.605716481998708787e+02
-3.594070965928131045e+02
-3.601886958540655428e+02
-3.605238818059574442e+02
-3.599527979327905882e+02
-3.583180937208824730e+02
-3.588914256752609049e+02
-3.586049907928974108e+02
-3.583599477521132712e+02
-3.575055487257686764e+02
-3.568188019087715475e+02
-3.558255540585092831e+02
-3.567018946653789726e+02
-3.570012056370426876e+02
-3.575103898575026733e+02
-3.580547782916986534e+02
-3.585539083890981829e+02
-3.584393305024827896e+02
-3.573309361401396131e+02
-3.572255272499669445e+02
-3.569607608396360092e+02
-3.567001020778419047e+02
-3.565564674097967668e+02
-3.567684441788740060e+02
-3.571568788192991519e+02
-3.563456936377018565e+02
-3.559589058573591274e+02
-4.999684642078182719e+02
-3.928151543654072384e+02
-4.999079341530656393e+02
-3.564004187687987155e+02
-3.552842067931330234e+02
-3.554649836089586756e+02
-3.558346460460788308e+02
-3.557713106888130028e+02
-3.559445285198661395e+02
-3.554822545607249253e+02
-3.554782170360305713e+02
-3.555051524311182334e+02
-3.542813141885663981e+02
-3.537890499970125688e+02
-4.999690277918932679e+02
-4.999617396510012099e+02
-3.546422345866792512e+02
-3.550347245565531580e+02
-3.549047335378037360e+02
-4.999679148149257912e+02
-4.999497344237798870e+02
-4.999724406002541741e+02
-4.999601790912760180e+02
-3.545172774215200775e+02
-4.999742452480407451e+02
-4.999616645017735550e+02
-4.999802832903556578e+02
-4.999665604911410810e+02
-3.540013478193195056e+02
-3.539091323755493477e+02
-3.538812140900150780e+02
-3.540189618832773135e+02
-4.999837317822026534e+02
-4.999760075910904220e+02
-3.534006375942256000e+02
-4.999867718801712044e+02
-4.999732930317038608e+02
-3.533774221031462730e+02
-3.535126809276667927e+02
-4.999926067605700837e+02
-4.999864301470279315e+02
-3.530111729484565899e+02
-3.527718762649810742e+02
-3.528059464615317324e+02
-4.999906712578303996e+02
-3.953773614911895038e+02
-4.999817458350124184e+02
-3.529184967106713202e+02
-3.525297724645272410e+02
-4.999919789688976266e+02
-4.999867326708193218e+02
-3.517034455308407814e+02
-3.515369960035170038e+02
-3.516714583356306889e+02
-3.517577816758974336e+02
-4.999983626214987567e+02
-4.999944956472611466e+02
-3.510810357526239613e+02
-3.513536329056931322e+02
-4.999986572490236085e+02
-4.999940858134063433e+02
-4.999987320939873143e+02
-4.999935068817212027e+02
