-3.961936205551884882e+02
-3.963865383179127093e+02
-3.965260142649511295e+02
-3.966127750092356337e+02
-4.983051887074517481e+02
-4.983450221458888336e+02
-3.970669242326222843e+02
-3.971514763238474188e+02
-3.972566642127379737e+02
-3.974110531359885954e+02
-4.982556179139540404e+02
-4.982927873359949444e+02
-3.977825693086717251e+02
-3.979746369997768625e+02
-3.980987004129966635e+02
-3.982063215553039868e+02
-3.983601935496157012e+02
-3.984960054251889119e+02
-4.981859127174491277e+02
-4.982242710222179198e+02
-3.988195052838822789e+02
-3.989689025791141717e+02
-3.990849051365622131e+02
-3.992251532304616717e+02
-3.993793184079327716e+02
-3.994557126438662067e+02
-3.996108173896735138e+02
-3.997722710746431289e+02
-3.999028984217899279e+02
-4.000258240412734949e+02
-4.980919252252616047e+02
-4.981284917847186762e+02
-4.003217906445520953e+02
-4.980648241617946610e+02
-3.463667759457505895e+02
-4.981002515867358511e+02
-4.008383351345229357e+02
-4.980354483467359614e+02
-4.980792969748628707e+02
-4.012585938895551294e+02
-4.980144194162566009e+02
-4.980536187689098142e+02
-4.015708966266170705e+02
-4.016934621793615747e+02
-4.979879267587810432e+02
-4.980292760967245727e+02
-4.021206299837375013e+02
-4.022401588092284328e+02
-4.023767121127987707e+02
-4.979516824577143552e+02
-3.438567411018076427e+02
-4.979862145358307544e+02
-4.028654008232473984e+02
-4.979274111999176853e+02
-4.979688630085501586e+02
-4.032722515742705127e+02
-4.034019364715277334e+02
-4.035043613151708541e+02
-4.036394262527973638e+02
-4.037544830144132675e+02
-4.038682063779646683e+02
-4.039893583696241421e+02
-4.040920874440820967e+02
-4.042001779103787271e+02
-4.043199051343768247e+02
-4.978535255041802543e+02
-4.978937314397794580e+02
-4.978457127813967986e+02
-3.410629137182565387e+02
-4.978795852389825427e+02
-4.050794813472415967e+02
-4.051663464694920549e+02
-4.052627901615188080e+02
-4.978119064381011185e+02
-4.978540049636391132e+02
-4.056716094251399909e+02
-4.057789071756822068e+02
-4.977886942584359531e+02
-4.978314835395910336e+02
-4.060842358900121098e+02
-4.062033472830105438e+02
-4.063488364756594251e+02
-4.065129368833488570e+02
-4.977637299300852760e+02
-4.978013452182948413e+02
-4.977532733290338456e+02
-4.977949707606613288e+02
-4.977461534312781168e+02
-4.977850113665679714e+02
-4.072683587100063960e+02
-4.073816812782031320e+02
-4.977294285873510944e+02
-4.977691674362220624e+02
-4.077635328202278515e+02
-4.078522409149667851e+02
-4.079707184586399080e+02
-4.080976208313663847e+02
-4.081826967774140371e+02
-4.082709659575822911e+02
-4.084261805001837615e+02
