-4.637632298776227913e+02
-4.624908149067525756e+02
-4.603463863514713807e+02
-4.679307187639809626e+02
-4.729457950610010357e+02
-4.976599635848086791e+02
-4.983455998042660440e+02
-4.454427592510562590e+02
-3.566672608909049700e+02
-3.604215439924737439e+02
-3.605716481998708787e+02
-3.594070965928131045e+02
-3.601886958540655428e+02
-3.605238818059574442e+02
-3.599527979327905882e+02
-3.583180937208824730e+02
-4.996160311365882762e+02
-4.996117445248083868e+02
-3.583599477521132712e+02
-3.575055487257686764e+02
-3.568188019087715475e+02
-4.985505816883413104e+02
-4.985333630211110858e+02
-4.999911097216607914e+02
-4.991608340494402682e+02
-4.963145526229773168e+02
-3.585539083890981829e+02
-4.999476380736438728e+02
-4.264542096511173668e+02
-4.963159873118860901e+02
-3.569607608396360092e+02
-3.567001020778419047e+02
-3.565564674097967668e+02
-4.999999739453195389e+02
-4.997265228648256539e+02
-4.999027903821681775e+02
-3.559589058573591274e+02
-4.958181589912580876e+02
-4.660634869369443436e+02
-4.658159942193895517e+02
-4.949103261192055925e+02
-3.552842067931330234e+02
-3.554649836089586756e+02
-3.558346460460788308e+02
-3.557713106888130028e+02
-3.559445285198661395e+02
-4.954791436685723056e+02
-4.954665500271514134e+02
-4.999991371921086625e+02
-4.995168933808736256e+02
-4.991335188560810820e+02
-4.999992671327829044e+02
-4.999992593668240488e+02
-4.953250206843903811e+02
-4.947053683313006900e+02
-4.946231019903278820e+02
-4.999992516589795173e+02
-4.313550017911832128e+02
-4.657496284004840845e+02
-4.999994145291692575e+02
-4.999989389833993414e+02
-4.991981227543131467e+02
-4.992004668073807920e+02
-4.996781845651650542e+02
-4.996803128032344148e+02
-4.659547819567339957e+02
-4.985894695658254818e+02
-4.985678213946581536e+02
-4.998656279741592243e+02
-4.998692378891594785e+02
-4.935234525996602315e+02
-4.999639936497156327e+02
-4.999903471666243036e+02
-4.998655593139828284e+02
-4.644442285969682871e+02
-4.995915833163720094e+02
-4.995933113943243598e+02
-4.997012841120460394e+02
-4.974610526517268454e+02
-4.999845585259598124e+02
-4.992396484959144800e+02
-4.992238065651002330e+02
-4.998843693592284012e+02
-4.928513847983612663e+02
-4.998273720873976345e+02
-3.657398477811028101e+02
-4.994823341932346921e+02
-4.996703856731899123e+02
-4.997088290692709052e+02
-4.998581406964127041e+02
-4.998578708838198850e+02
-4.999713501216274949e+02
-4.999710469679657763e+02
-4.997271236471236762e+02
-4.936298580467471311e+02
-4.993329191598063517e+02
-4.979202645079463991e+02
-4.871613360095395251e+02
-4.547345189734663791e+02
-4.992586291741960167e+02
