-4.637632298776227913e+02
-2.315165587696029945e+02
-1.539278867320691120e+02
-1.173360630949899530e+02
-9.384949782648271821e+01
-7.662238864499099122e+01
-6.793356379747032747e+01
-6.209578093004438415e+01
-5.508661019376134504e+01
-4.979767906379512254e+01
-4.508717634923893058e+01
-4.146781153795740948e+01
-3.820319610748353512e+01
-3.555663587596161790e+01
-3.308177726152375442e+01
-3.108007493971915380e+01
-2.921131325895572672e+01
-2.761585928309887450e+01
-2.613309257324290513e+01
-2.484192493144696456e+01
-2.362329079474130822e+01
-2.256083235463979975e+01
-2.159019542320169904e+01
-2.068958076892186426e+01
-1.987278617544838610e+01
-1.910798388135843950e+01
-1.840879222511810553e+01
-1.774047224068362638e+01
-1.712347488406844676e+01
-1.655684682377043515e+01
-1.601493845121809656e+01
-1.551911842148239096e+01
-1.504263709482363076e+01
-1.460892784071547013e+01
-1.418849587248309874e+01
-1.378739748293284073e+01
-1.341718101416621955e+01
-1.315730426379593609e+01
-1.282017154815251736e+01
-1.241626439275004579e+01
-1.210557329086667622e+01
-1.181307719764672903e+01
-1.154461676209051291e+01
-1.128018069517962196e+01
-1.103137760836400538e+01
-1.079149141832562186e+01
-1.055753178782540047e+01
-1.034165279615104716e+01
-1.012678031065156503e+01
-9.917391805700129126e+00
-9.725447283143550337e+00
-9.614339585036789870e+00
-9.358978881813435180e+00
-9.189805159192724560e+00
-9.021498830732429752e+00
-8.860365914160833967e+00
-8.771510705403413155e+00
-8.553698090325767112e+00
-8.474371015475281155e+00
-8.270311537413938652e+00
-8.130497386980827912e+00
-8.064150188403756303e+00
-7.873753275958106812e+00
-7.811964383932219924e+00
-7.630127803321868463e+00
-7.514832184459697473e+00
-7.402073556477877680e+00
-7.293614591617971321e+00
-7.188005245553943823e+00
-7.142377396458272187e+00
-6.982845741452479160e+00
-6.887161991062861865e+00
-6.848829925392455387e+00
-6.699902619769456891e+00
-6.610805999786890652e+00
-6.524177196485399399e+00
-6.493082263227228701e+00
-6.356368251413161197e+00
-6.274147097605219159e+00
-6.196191554006182933e+00
-6.118929809540644804e+00
-6.097165522377039792e+00
-6.023706178525302768e+00
-5.901293645574653191e+00
-5.830574816004713945e+00
-5.762158656296465509e+00
-5.746833929404601804e+00
-5.629729554804534963e+00
-5.566048743374748753e+00
-5.503761445605156233e+00
-5.443841733899663637e+00
-5.384311608773408864e+00
-5.376225443183123787e+00
-5.267763008106808087e+00
-5.213518964281156798e+00
-5.159021697366713788e+00
-5.154478589832156565e+00
-5.055260705686336564e+00
-5.050225294358996031e+00
-4.952338388681379655e+00
